MEMORY
  total           14788 KB
  struct            159 KB
  buffer            293 KB
  arena           14336 KB, used 0.3%

SIZES
  narena                14680064
  nbuffer               300064
  nplugin               0
  maxuse_stack          9632
  maxuse_arena          43032
  maxuse_con            16
  maxuse_efc            65
  ncon                  0
  ne                    1
  nf                    0
  nl                    1
  nefc                  2
  nJ                    18
  nA                    0
  nisland               1
  nidof                 9
  ntree_awake           1
  nbody_awake           14
  nparent_awake         13
  nv_awake              9
  flg_energypos         0
  flg_energyvel         0
  flg_subtreevel        0
  flg_rnepost           0
  threadpool            0

TIMER
    0:  duration =  0.056      number = 1
    1:  duration =  0.053      number = 1
    2:  duration =  0          number = 0
    3:  duration =  0.045      number = 1
    4:  duration =  0.0021     number = 1
    5:  duration =  0.0007     number = 1
    6:  duration =  0.0037     number = 1
    7:  duration =  0.0022     number = 1
    8:  duration =  0.0059     number = 1
    9:  duration =  0.0017     number = 1
    10:  duration =  0.033      number = 1
    11:  duration =  0.0043     number = 1
    12:  duration =  6e-05      number = 1
    13:  duration =  0.0043     number = 1
    14:  duration =  0.018      number = 1

SOLVER STAT
  solver_fwdinv =   0         0       
  ISLAND 0
    solver_niter = 1
    solver_nnz = 81
      0:  improvement =  4.1e-18     gradient =  1.3e-21     lineslope =  0       
          nactive = 2   nchange = 0   neval = 2   nupdate = 0

ENERGY =   0         0       

TIME =  65      

QPOS
  -0.049   
  -0.48    
  -0.11    
  -2.4     
  -0.056   
   1.9     
   0.65    
  -1.5e-11 
   7.9e-10 

QVEL
   4.7e-09 
   7.9e-08 
   1.9e-08 
   2.4e-08 
   1.8e-08 
   5.7e-08 
   2.1e-08 
   3.3e-14 
   2e-13   

QACC_WARMSTART
  -7.7e-08 
  -4.2e-07 
  -7.1e-08 
  -1.3e-07 
  -2.7e-08 
  -1.1e-07 
  -1.1e-08 
  -4.6e-12 
  -4.3e-12 

CTRL
  -1.3e-07 
  -14      
   0.98    
   23      
   0.6     
   2.3     
   2.8e-05 
   0       

QFRC_APPLIED
   0       
   0       
   0       
   0       
   0       
   0       
   0       
   0       
   0       

XFRC_APPLIED
   0         0         0         0         0         0       
   0         0         0         0         0         0       
   0         0         0         0         0         0       
   0         0         0         0         0         0       
   0         0         0         0         0         0       
   0         0         0         0         0         0       
   0         0         0         0         0         0       
   0         0         0         0         0         0       
   0         0         0         0         0         0       
   0         0         0         0         0         0       
   0         0         0         0         0         0       
   0         0         0         0         0         0       
   0         0         0         0         0         0       
   0         0         0         0         0         0       

EQ_ACTIVE             1

MOCAP_POS
   0.4      -0.084     0.28    
   0.4      -0.076     0.39    

MOCAP_QUAT
   1         0         0         0       
   1         0         0         0       

QACC
  -7.7e-08 
  -4.2e-07 
  -7.1e-08 
  -1.3e-07 
  -2.7e-08 
  -1.1e-07 
  -1.1e-08 
  -4.6e-12 
  -4.3e-12 

TREE_ASLEEP
  -11

XPOS
   0         0         0       
   0         0         0       
   0         0         0.33    
   0         0         0.33    
  -0.15      0.0071    0.61    
  -0.074    -0.0058    0.65    
   0.31     -0.062     0.6     
   0.31     -0.062     0.6     
   0.4      -0.073     0.6     
   0.4      -0.074     0.5     
   0.4      -0.074     0.44    
   0.4      -0.074     0.44    
   0.4      -0.084     0.28    
   0.4      -0.076     0.39    

XQUAT
   1         0         0         0       
   1         0         0         0       
   1         0         0        -0.024   
   0.68     -0.69     -0.15     -0.18    
   0.97      0.0078   -0.24     -0.079   
   0.36      0.46      0.56     -0.59    
   0.58      0.054     0.81     -0.039   
   0.71      0.71     -0.046    -0.047   
   0.00027   0.92     -0.38     -0.00035 
   0.00012   1        -0.0003   -0.00043 
   0.00012   1        -0.0003   -0.00043 
   0.00043  -0.0003   -1         0.00012 
   1         0         0         0       
   1         0         0         0       

XMAT
   1         0         0         0         1         0         0         0         1       
   1         0         0         0         1         0         0         0         1       
   1         0.049     0        -0.049     1        -0        -0         0         1       
   0.89      0.46      0.049    -0.043    -0.023     1         0.46     -0.89     -6.9e-17 
   0.87      0.15     -0.46     -0.16      0.99      0.023     0.46      0.053     0.89    
  -0.31      0.94     -0.15      0.098    -0.12     -0.99     -0.94     -0.32     -0.053   
  -0.32      0.13      0.94      0.042     0.99     -0.12     -0.95     -0.00034  -0.32    
   0.99      0.00085  -0.13     -0.13      0.00023  -0.99     -0.00082   1         0.00034 
   0.71     -0.71     -0.00085  -0.71     -0.71     -0.00023  -0.00044   0.00077  -1       
   1        -0.00059  -0.00085  -0.00059  -1        -0.00023  -0.00085   0.00023  -1       
   1        -0.00059  -0.00085  -0.00059  -1        -0.00023  -0.00085   0.00023  -1       
  -1         0.00059  -0.00085   0.00059   1        -0.00023   0.00085  -0.00023  -1       
   1         0         0         0         1         0         0         0         1       
   1         0         0         0         1         0         0         0         1       

XIPOS
   0         0         0       
  -0.041    -0.00014   0.05    
   0.004     0.0019    0.29    
  -0.016     0.0043    0.36    
  -0.085     0.04      0.57    
   0.037    -0.051     0.67    
   0.29     -0.017     0.63    
   0.37     -0.059     0.59    
   0.41     -0.078     0.54    
   0.39     -0.074     0.47    
   0.4      -0.074     0.44    
   0.4      -0.074     0.44    
   0.4      -0.084     0.28    
   0.4      -0.076     0.39    

XIMAT
   1         0         0         0         1         0         0         0         1       
   0.13      0.0028    0.99      0.019    -1         0.00032   0.99      0.019    -0.13    
   0.062    -1        -0.011     1         0.062    -0.027     0.028    -0.0094    1       
   0.25     -0.47      0.85      0.81     -0.38     -0.44      0.53      0.8       0.28    
   0.19     -0.98     -0.065     0.93      0.16      0.33     -0.31     -0.12      0.94    
   0.33      0.036    -0.94     -0.72     -0.64     -0.27     -0.61      0.77     -0.18    
  -0.47     -0.0038    0.88     -0.22      0.97     -0.11     -0.85     -0.25     -0.46    
  -0.4      -0.15      0.91     -0.9      -0.15     -0.42      0.2      -0.98     -0.075   
   0.78     -0.63      0.0064   -0.61     -0.76     -0.21      0.14      0.16     -0.98    
   1        -0.00059  -0.00085  -0.00059  -1        -0.00023  -0.00085   0.00023  -1       
   1        -0.00059  -0.00085  -0.00059  -1        -0.00023  -0.00085   0.00023  -1       
  -1         0.00059  -0.00085   0.00059   1        -0.00023   0.00085  -0.00023  -1       
   1         0         0         0         1         0         0         0         1       
   1         0         0         0         1         0         0         0         1       

XANCHOR
   0         0         0.33    
   0         0         0.33    
  -0.15      0.0071    0.61    
  -0.074    -0.0058    0.65    
   0.31     -0.062     0.6     
   0.31     -0.062     0.6     
   0.4      -0.073     0.6     
   0.4      -0.074     0.44    
   0.4      -0.074     0.44    

XAXIS
   0         0         1       
   0.049     1         1.1e-16 
  -0.46      0.023     0.89    
  -0.15     -0.99     -0.053   
   0.94     -0.12     -0.32    
  -0.13     -0.99      0.00034 
  -0.00085  -0.00023  -1       
  -0.00059  -1         0.00023 
   0.00059   1        -0.00023 

GEOM_XPOS
   0         0         0       
  -0.024     0.069     0.037   
  -0.025     0.073     0.037   
  -0.024    -0.065     0.063   
  -0.025    -0.073     0.063   
  -0.065    -0.066     0.048   
  -0.06      0.058     0.037   
   0.011    -0.072     0.046   
  -0.03     -3.4e-05   0.053   
  -0.025    -0.073     0.033   
  -0.024    -0.065     0.033   
   0.011     0.072     0.046   
  -0.029    -0.00088   0.057   
  -0.0016   -0.032     0.27    
  -0.0015   -0.031     0.26    
  -0.03      0.034     0.39    
  -0.031     0.033     0.4     
  -0.089     0.024     0.6     
  -0.12     -0.0076    0.61    
  -0.07     -0.014     0.58    
  -0.064     0.073     0.65    
  -0.086     0.024     0.6     
  -0.0066   -0.0047    0.66    
  -0.028    -0.038     0.68    
  -0.08     -0.085     0.65    
  -0.042    -0.0022    0.71    
  -0.028    -0.039     0.67    
   0.29      0.037     0.62    
   0.22      0.054     0.65    
   0.21     -0.0041    0.64    
   0.12     -0.016     0.67    
   0.21      0.033     0.64    
   0.32      0.0073    0.61    
   0.34     -0.06      0.59    
   0.31     -0.11      0.61    
   0.41     -0.075     0.67    
   0.4      -0.063     0.68    
   0.41     -0.075     0.68    
   0.4      -0.084     0.68    
   0.39     -0.072     0.68    
   0.38     -0.07      0.69    
   0.43     -0.077     0.68    
   0.3      -0.11      0.6     
   0.4      -0.074     0.68    
   0.4      -0.073     0.68    
   0.4      -0.049     0.68    
   0.4      -0.098     0.68    
   0.31     -0.11      0.6     
   0.4      -0.074     0.68    
   0.37     -0.078     0.61    
   0.36     -0.075     0.61    
   0.4      -0.13      0.52    
   0.43     -0.13      0.52    
   0.4      -0.029     0.52    
   0.4      -0.021     0.52    
   0.4      -0.02      0.52    
   0.37     -0.13      0.52    
   0.4      -0.13      0.54    
   0.4      -0.074     0.53    
   0.4      -0.088     0.53    
   0.4      -0.074     0.48    
   0.4       0.022     0.5     
   0.4      -0.0074    0.52    
   0.4      -0.077     0.47    
   0.4      -0.074     0.49    
   0.4      -0.073     0.47    
   0.4      -0.089     0.42    
   0.4      -0.078     0.39    
   0.4      -0.089     0.42    
   0.4      -0.079     0.39    
   0.4      -0.076     0.39    
   0.39     -0.076     0.39    
   0.4      -0.076     0.4     
   0.39     -0.076     0.4     
   0.4      -0.058     0.42    
   0.4      -0.069     0.39    
   0.4      -0.058     0.42    
   0.4      -0.068     0.39    
   0.39     -0.072     0.39    
   0.4      -0.072     0.39    
   0.39     -0.072     0.4     
   0.4      -0.072     0.4     
   0.4      -0.084     0.28    
   0.4      -0.076     0.39    

GEOM_XMAT
   1         0         0         0         1         0         0         0         1       
  -0.16     -0.99      0         0.99     -0.16      0         0         0         1       
   1         0         0         0         1         0         0         0         1       
   0.99      0        -0.17     -0.17      0        -0.99      0         1         0       
   1         0         0         0         1         0         0         0         1       
   0.16     -0.99      0         0.99      0.16      0         0         0         1       
   0        -1         0         1         0         0         0         0         1       
   0.16     -0.98     -0.12      0.99      0.16      0.022    -0.0026   -0.12      0.99    
  -0.42      0.0024    0.91     -0.0015   -1         0.0019    0.91     -0.00057   0.42    
   1         0         0         0         1         0         0         0         1       
   0.99      0        -0.15     -0.15      0        -0.99      0         1         0       
  -0.16     -0.98     -0.12      0.99     -0.16     -0.022     0.0025   -0.12      0.99    
  -0.36      0.0082    0.93      0.022    -1         0.017     0.93      0.027     0.36    
   1         0.046    -0.018    -0.049     0.93     -0.37     -0.00014   0.37      0.93    
   1         0.045    -0.017    -0.048     0.94     -0.34      0.00032   0.34      0.94    
   0.89     -0.13     -0.45     -0.043     0.94     -0.35      0.46      0.33      0.82    
   0.89     -0.11     -0.45     -0.043     0.95     -0.32      0.46      0.3       0.83    
  -0.92     -0.19      0.35      0.3      -0.91      0.3       0.26      0.38      0.89    
  -0.48     -0.86      0.17     -0.46      0.077    -0.88      0.75     -0.5      -0.44    
  -0.51     -0.73     -0.46      0.81     -0.58      0.016    -0.28     -0.36      0.89    
   0.12     -0.9       0.42      0.99      0.12     -0.027    -0.024     0.42      0.91    
  -0.89     -0.3       0.34      0.4      -0.87      0.29      0.21      0.39      0.9     
   0.11      0.33     -0.94     -0.77      0.62      0.13      0.63      0.71      0.32    
   0.36      0.35     -0.87      0.32     -0.92     -0.24     -0.88     -0.19     -0.44    
  -0.079    -0.55     -0.83     -1         0.037     0.071    -0.008     0.84     -0.55    
   0.74      0.37     -0.56     -0.59     -0.025    -0.81     -0.31      0.93      0.2     
   0.33      0.35     -0.88      0.36     -0.91     -0.22     -0.87     -0.24     -0.42    
   0.084     0.32      0.94      1        -0.039    -0.075     0.012     0.95     -0.33    
  -0.32      0.13      0.94      0.042     0.99     -0.12     -0.95     -0.00034  -0.32    
  -0.32     -0.13      0.94      0.042     0.99      0.15     -0.95      0.088    -0.31    
   0.72      0.24     -0.65     -0.69      0.13     -0.71     -0.081     0.96      0.26    
  -0.1       0.33      0.94      0.99     -0.038     0.12      0.075     0.94     -0.32    
  -0.32      0.92      0.24      0.047     0.26     -0.96     -0.95     -0.29     -0.13    
  -0.17     -0.49      0.86     -0.98      0.056    -0.17      0.034    -0.87     -0.49    
  -0.13     -0.99     -0.00085  -0.99      0.13     -0.00023   0.00034   0.00082  -1       
   0.22     -0.28      0.93     -0.039    -0.96     -0.28      0.97      0.025    -0.22    
   0.99      0.00085  -0.13     -0.13      0.00023  -0.99     -0.00082   1         0.00034 
   0.99      0.00085  -0.13     -0.13      0.00023  -0.99     -0.00082   1         0.00034 
   0.99      0.00085  -0.13     -0.13      0.00023  -0.99     -0.00082   1         0.00034 
   0.99      0.00085  -0.13     -0.13      0.00023  -0.99     -0.00082   1         0.00034 
   0.99      0.00085  -0.13     -0.13      0.00023  -0.99     -0.00082   1         0.00034 
   0.99      0.00085  -0.13     -0.13      0.00023  -0.99     -0.00082   1         0.00034 
  -0.13     -0.00085   0.99     -0.99     -0.00023  -0.13      0.00034  -1        -0.00082 
   0.22     -0.1       0.97     -0.028    -0.99     -0.099     0.98     -0.0062   -0.22    
   0.99      0.00085  -0.13     -0.13      0.00023  -0.99     -0.00082   1         0.00034 
   0.99      0.00085  -0.13     -0.13      0.00023  -0.99     -0.00082   1         0.00034 
   0.99      0.00085  -0.13     -0.13      0.00023  -0.99     -0.00082   1         0.00034 
  -0.23      0.0098    0.97     -0.97     -0.0045   -0.23      0.0022   -1         0.011   
   0.22     -0.16      0.96     -0.029    -0.99     -0.15      0.98      0.006    -0.22    
   0.12     -0.015     0.99     -0.99     -0.049     0.12      0.046    -1        -0.021   
   0.011     0.13      0.99     -1        -0.0057    0.011     0.0071   -0.99      0.13    
  -0.00081  -0.014     1         0.21      0.98      0.014    -0.98      0.21      0.0021  
   1         0.019     0.082    -0.084     0.23      0.97     -0.00083  -0.97      0.23    
   1        -0.00085   0.0011   -0.0011   -0.00023   1        -0.00085  -1        -0.00023 
   0.71     -0.71     -0.00085  -0.71     -0.71     -0.00023  -0.00044   0.00077  -1       
   0.71     -0.71     -0.00085  -0.71     -0.71     -0.00023  -0.00044   0.00077  -1       
  -1        -0.02      0.081    -0.084     0.23     -0.97      0.00087  -0.97     -0.23    
  -0.00077   0.0004    1         0.28      0.96     -0.00017  -0.96      0.28     -0.00085 
   0.0016    0.71      0.71      0.0018    0.71     -0.71     -1         0.0024   -0.0002  
  -0.0006   -1         0.0012    0.053     0.0012    1        -1         0.00066   0.053   
  -0.00085  -1         0.00059  -0.00023   0.00059   1        -1         0.00085  -0.00023 
   1        -0.00085  -0.00059  -0.00059  -0.94      0.35     -0.00085  -0.35     -0.94    
   1        -0.00085   0.00059  -0.00059  -0.00023   1        -0.00085  -1        -0.00023 
   1        -0.00088   0.00058  -0.00059  -0.011     1        -0.00087  -1        -0.011   
  -0.00082   0.069     1         0.00031   1        -0.069    -1         0.00026  -0.00084 
   1        -0.0013    0.0004   -0.00036   0.026     1        -0.0013   -1         0.026   
  -0.00065  -1        -0.00081  -1         0.00059   0.076    -0.076     0.00085  -1       
  -0.00059  -1        -0.00085  -1         0.00059  -0.00023   0.00023   0.00085  -1       
  -0.00065  -1        -0.00081  -1         0.00059   0.076    -0.076     0.00085  -1       
   1        -0.00059  -0.00085  -0.00059  -1        -0.00023  -0.00085   0.00023  -1       
   1        -0.00059  -0.00085  -0.00059  -1        -0.00023  -0.00085   0.00023  -1       
   1        -0.00059  -0.00085  -0.00059  -1        -0.00023  -0.00085   0.00023  -1       
   1        -0.00059  -0.00085  -0.00059  -1        -0.00023  -0.00085   0.00023  -1       
   1        -0.00059  -0.00085  -0.00059  -1        -0.00023  -0.00085   0.00023  -1       
   0.00052   1        -0.0009    1        -0.00059  -0.077    -0.077    -0.00085  -1       
   0.00059   1        -0.00085   1        -0.00059  -0.00023  -0.00023  -0.00085  -1       
   0.00052   1        -0.0009    1        -0.00059  -0.077    -0.077    -0.00085  -1       
  -1         0.00059  -0.00085   0.00059   1        -0.00023   0.00085  -0.00023  -1       
  -1         0.00059  -0.00085   0.00059   1        -0.00023   0.00085  -0.00023  -1       
  -1         0.00059  -0.00085   0.00059   1        -0.00023   0.00085  -0.00023  -1       
  -1         0.00059  -0.00085   0.00059   1        -0.00023   0.00085  -0.00023  -1       
  -1         0.00059  -0.00085   0.00059   1        -0.00023   0.00085  -0.00023  -1       
   1         0         0         0         1         0         0         0         1       
   1         0         0         0         1         0         0         0         1       

LIGHT_XPOS
   0.063    -0.023     1.9     
   0         0         1.5     

LIGHT_XDIR
   0         0        -1       
   0         0        -1       

SUBTREE_COM
   0.086    -0.017     0.48    
   0.081    -0.016     0.48    
   0.085    -0.016     0.5     
   0.12     -0.024     0.59    
   0.13     -0.026     0.6     
   0.21     -0.052     0.61    
   0.36     -0.053     0.57    
   0.39     -0.067     0.55    
   0.4      -0.076     0.5     
   0.39     -0.074     0.47    
   0.4      -0.074     0.44    
   0.4      -0.074     0.44    
   0.4      -0.084     0.28    
   0.4      -0.076     0.39    

CDOF
   0         0         1         0.016     0.081    -0       
   0.049     1         1.1e-16   0.15     -0.0073   -0.081   
  -0.46      0.023     0.89      0.017     0.14      0.0055  
  -0.15     -0.99     -0.053     0.17     -0.033     0.15    
   0.94     -0.12     -0.32      0.03      0.19      0.014   
  -0.13     -0.99      0.00034   0.12     -0.016    -0.24    
  -0.00085  -0.00023  -1         0.058     0.32     -0.00012 
   0         0         0        -0.00059  -1         0.00023 
   0         0         0         0.00059   1        -0.00023 

CINERT
   0         0         0         0         0         0         0         0         0         0       
   0.12      0.13      0.014     0.0012   -0.033     0.0043   -0.077     0.0098   -0.27      0.63    
   0.9       0.93      0.04      0.0068   -0.067     0.036    -0.38      0.088    -0.98      5       
   0.02      0.041     0.033     0.011    -0.014     0.006    -0.063     0.013    -0.081     0.65    
   0.076     0.15      0.1       0.031     0.049    -0.028    -0.54      0.18      0.28      3.2     
   0.14      0.16      0.042    -0.012     0.025     0.025    -0.16     -0.13      0.66      3.6     
   0.041     0.11      0.082     0.0032   -0.025     0.0006    0.25     -0.0014    0.18      1.2     
   0.025     0.17      0.15      0.023    -0.053     0.0075    0.49     -0.073     0.18      1.7     
   0.017     0.093     0.087     0.014    -0.014     0.0014    0.24     -0.046     0.045     0.74    
   0.0036    0.072     0.074     0.013     0.0033   -0.00062   0.23     -0.042    -0.011     0.73    
   8e-05     0.0016    0.0016    0.00028   0.00021  -3.7e-05   0.0048   -0.00087  -0.00065   0.015   
   8e-05     0.0016    0.0016    0.00028   0.00021  -3.7e-05   0.0048   -0.00087  -0.00065   0.015   
   0.00017   0.00017   0.00017   0         0         0         0         0         0         0.27    
   5.4e-06   5.4e-06   5.4e-06   0         0         0         0         0        -1.9e-18   0.034   

TEN_LENGTH
   3.9e-10 

TEN_MOMENT
   0         0         0         0         0         0         0         0.5       0.5     

TENDON 0: 0 wrap points

ACTUATOR_LENGTH
  -0.049   
  -0.48    
  -0.11    
  -2.4     
  -0.056   
   1.9     
   0.65    
   3.9e-10 

actuator_moment
-----------
 x         |
  x        |
   x       |
    x      |
     x     |
      x    |
       x   |
        xx |
-----------

ACTUATOR_MOMENT
     0:  1       
     1:  1       
     2:  1       
     3:  1       
     4:  1       
     5:  1       
     6:  1       
     7:  0.5        8:  0.5     

CRB
   0         0         0         0         0         0         0         0         0         0       
   1.3       1.9       0.63      0.092    -0.13      0.053     1.4e-17  -3.6e-17   2.8e-16   17      
   1.2       1.7       0.62      0.091    -0.096     0.048     0.077    -0.0098    0.27      17      
   0.32      0.79      0.58      0.084    -0.028     0.012     0.46     -0.098     1.3       12      
   0.3       0.75      0.54      0.072    -0.015     0.0062    0.52     -0.11      1.3       11      
   0.23      0.6       0.44      0.042    -0.064     0.034     1.1      -0.29      1.1       8       
   0.087     0.44      0.4       0.053    -0.088     0.0088    1.2      -0.16      0.39      4.4     
   0.046     0.34      0.31      0.05     -0.063     0.0082    0.96     -0.16      0.21      3.2     
   0.021     0.17      0.16      0.027    -0.011     0.00071   0.48     -0.09      0.033     1.5     
   0.0038    0.075     0.077     0.014     0.0037   -0.00069   0.23     -0.044    -0.012     0.76    
   8e-05     0.0016    0.0016    0.00028   0.00021  -3.7e-05   0.0048   -0.00087  -0.00065   0.015   
   8e-05     0.0016    0.0016    0.00028   0.00021  -3.7e-05   0.0048   -0.00087  -0.00065   0.015   
   0.00017   0.00017   0.00017   0         0         0         0         0         0         0.27    
   5.4e-06   5.4e-06   5.4e-06   0         0         0         0         0        -1.9e-18   0.034   

QM
   0.84    
   0.058     1.7     
   0.78      0.013     1.1     
  -0.044    -0.74     -0.012     1.1     
   0.03     -0.013     0.019     0.02      0.13    
   0.0052   -0.08      0.0095    0.15      0.0003    0.15    
  -0.0071    0.0007   -0.0064   -0.0014    0.0022   -0.0016    0.11    
  -0.006     7.6e-05  -0.006     0.00085  -0.0019    0.00033   8.7e-19   0.11    
   0.006    -7.6e-05   0.006    -0.00085   0.0019   -0.00033  -8.7e-19             0.12    

M
     0:  0.84    
     0:  0.058      1:  1.7     
     0:  0.78       1:  0.013      2:  1.1     
     0: -0.044      1: -0.74       2: -0.012      3:  1.1     
     0:  0.03       1: -0.013      2:  0.019      3:  0.02       4:  0.13    
     0:  0.0052     1: -0.08       2:  0.0095     3:  0.15       4:  0.0003     5:  0.15    
     0: -0.0071     1:  0.0007     2: -0.0064     3: -0.0014     4:  0.0022     5: -0.0016     6:  0.11    
     0: -0.006      1:  7.6e-05    2: -0.006      3:  0.00085    4: -0.0019     5:  0.00033    6:  8.7e-19    7:  0.11    
     0:  0.006      1: -7.6e-05    2:  0.006      3: -0.00085    4:  0.0019     5: -0.00033    6: -8.7e-19    8:  0.12    

QLD
     0:  0.3     
     0:  0.02       1:  1.2     
     0:  0.69       1:  0.0028     2:  1.1     
     0: -0.056      1: -0.69       2: -0.026      3:  0.95    
     0:  0.22       1: -0.097      2:  0.14       3:  0.15       4:  0.13    
     0:  0.033      1: -0.52       2:  0.061      3:  0.99       4:  0.0022     5:  0.15    
     0: -0.066      1:  0.0065     2: -0.06       3: -0.013      4:  0.02       5: -0.015      6:  0.11    
     0: -0.052      1:  0.00066    2: -0.053      3:  0.0074     4: -0.017      5:  0.0028     6:  7.5e-18    7:  0.11    
     0:  0.052      1: -0.00066    2:  0.053      3: -0.0074     4:  0.017      5: -0.0028     6: -7.5e-18    8:  0.12    

QLDIAGINV
   3.3     
   0.84    
   0.89    
   1.1     
   7.5     
   6.5     
   9.4     
   8.7     
   8.7     

M: inertia structure
-----------
 x         |
 xx        |
 xxx       |
 xxxx      |
 xxxxx     |
 xxxxxx    |
 xxxxxxx   |
 xxxxxxxx  |
 xxxxxxx x |
-----------

iM: block-diagonal inertia (nnzs are island ids)
-----------
 0         |
 00        |
 000       |
 0000      |
 00000     |
 000000    |
 0000000   |
 00000000  |
 0000000 0 |
-----------

QH
     0:  0.3     
     0:  0.02       1:  1.2     
     0:  0.69       1:  0.0029     2:  1.1     
     0: -0.055      1: -0.69       2: -0.025      3:  0.95    
     0:  0.22       1: -0.096      2:  0.14       3:  0.15       4:  0.14    
     0:  0.033      1: -0.51       2:  0.061      3:  0.98       4:  0.0022     5:  0.16    
     0: -0.065      1:  0.0064     2: -0.059      3: -0.012      4:  0.02       5: -0.015      6:  0.11    
     0: -0.049      1:  0.00062    2: -0.05       3:  0.007      4: -0.016      5:  0.0027     6:  7.1e-18    7:  0.12    
     0:  0.049      1: -0.00062    2:  0.05       3: -0.007      4:  0.016      5: -0.0027     6: -7.1e-18    8:  0.12    

QHDIAGINV
   3.3     
   0.84    
   0.88    
   1       
   7.3     
   6.4     
   9.2     
   8.2     
   8.2     

TREE_AWAKE
  1

BODY_AWAKE
  -1 -1 1 1 1 1 1 1 1 1 1 1 1 1

BODY_AWAKE_IND
  0 1 2 3 4 5 6 7 8 9 10 11 12 13

PARENT_AWAKE_IND
  1 2 3 4 5 6 7 8 9 10 11 12 13

DOF_AWAKE_IND
  0 1 2 3 4 5 6 7 8

QDERIV
     0: -1          1:  0          2:  0          3:  0          4:  0          5:  0          6:  0          7:  0          8:  0       
     0:  0          1: -1          2:  0          3:  0          4:  0          5:  0          6:  0          7:  0          8:  0       
     0:  0          1:  0          2: -1          3:  0          4:  0          5:  0          6:  0          7:  0          8:  0       
     0:  0          1:  0          2:  0          3: -1          4:  0          5:  0          6:  0          7:  0          8:  0       
     0:  0          1:  0          2:  0          3:  0          4: -1          5:  0          6:  0          7:  0          8:  0       
     0:  0          1:  0          2:  0          3:  0          4:  0          5: -1          6:  0          7:  0          8:  0       
     0:  0          1:  0          2:  0          3:  0          4:  0          5:  0          6: -1          7:  0          8:  0       
     0:  0          1:  0          2:  0          3:  0          4:  0          5:  0          6:  0          7: -3.5     
     0:  0          1:  0          2:  0          3:  0          4:  0          5:  0          6:  0          8: -3.5     

EFC_TYPE
  0
  3

EFC_ID
  0
  7

EFC_J
   0         0         0         0         0         0         0         1        -1       
   0         0         0         0         0         0         0         1         0       

IEFC_J
   0         0         0         0         0         0         0         1        -1       
   0         0         0         0         0         0         0         1         0       

EFC_POS
  -8e-10   
  -1.5e-11 

EFC_MARGIN
   0       
   0       

EFC_FRICTIONLOSS
   0       
   0       

EFC_DIAGAPPROX
   17      
   8.7     

EFC_KBIP
   4.1e+04   4e+02     0.95     -0.00013 
   2.8e+03   1.1e+02   0.9      -3e-06   

EFC_D
   1.1     
   1       

EFC_R
   0.92    
   0.97    

TEN_VELOCITY
   1.3e-13 

ACTUATOR_VELOCITY
   4.9e-09 
   8e-08   
   1.9e-08 
   2.4e-08 
   1.8e-08 
   5.8e-08 
   2.1e-08 
   1.3e-13 

CVEL
   0         0         0         0         0         0       
   0         0         0         0         0         0       
   0         0         4.9e-09   7.7e-11   3.9e-10   0       
   3.9e-09   8e-08     4.9e-09   1.2e-08  -1.9e-10  -6.5e-09 
  -5e-09     8e-08     2.2e-08   1.2e-08   2.5e-09  -6.4e-09 
  -8.6e-09   5.6e-08   2.1e-08   1.6e-08   1.7e-09  -2.7e-09 
   8.3e-09   5.4e-08   1.5e-08   1.7e-08   5.1e-09  -2.4e-09 
   7.2e-10  -2.9e-09   1.5e-08   2.4e-08   4.2e-09  -1.6e-08 
   7e-10    -2.9e-09  -5.6e-09   2.5e-08   1.1e-08  -1.6e-08 
   7e-10    -2.9e-09  -5.6e-09   2.5e-08   1.1e-08  -1.6e-08 
   7e-10    -2.9e-09  -5.6e-09   2.5e-08   1.1e-08  -1.6e-08 
   7e-10    -2.9e-09  -5.6e-09   2.5e-08   1.1e-08  -1.6e-08 
   0         0         0         0         0         0       
   0         0         0         0         0         0       

CDOF_DOT
   0         0         0         0         0         0       
  -4.9e-09   2.4e-10   0         3.6e-11   7.3e-10   5.8e-11 
   7.1e-08  -5.7e-09   3.7e-08  -2.7e-10  -7.6e-09  -6.5e-10 
   1.7e-08  -3.6e-09   1.7e-08   6.6e-09   6e-09    -2.5e-08 
  -1.6e-08   1.7e-08  -5.2e-08  -4e-09     3.5e-09  -7e-09   
   1.5e-08  -2e-09    -1.1e-09  -1.5e-08   4.1e-09  -2.3e-08 
   2.9e-09   7.1e-10  -2.7e-12  -9e-09     2.5e-08   4e-10   
   0        -0         0        -5.6e-09   3.2e-12  -7e-10   
   0        -0         0         5.6e-09  -3.2e-12   7e-10   

QFRC_BIAS
   7.1e-16 
  -14      
   0.98    
   23      
   0.6     
   2.3     
   2.8e-05 
   3.4e-05 
  -3.4e-05 

QFRC_SPRING
   0       
   0       
   0       
   0       
   0       
   0       
   0       
   0       
   0       

QFRC_DAMPER
  -4.9e-09 
  -8e-08   
  -1.9e-08 
  -2.4e-08 
  -1.8e-08 
  -5.8e-08 
  -2.1e-08 
  -3.3e-14 
  -2.2e-13 

QFRC_GRAVCOMP
   0       
   0       
   0       
   0       
   0       
   0       
   0       
   0       
   0       

QFRC_FLUID
   0       
   0       
   0       
   0       
   0       
   0       
   0       
   0       
   0       

QFRC_PASSIVE
  -4.9e-09 
  -8e-08   
  -1.9e-08 
  -2.4e-08 
  -1.8e-08 
  -5.8e-08 
  -2.1e-08 
  -3.3e-14 
  -2.2e-13 

EFC_VEL
  -1.8e-13 
   3.3e-14 

EFC_AREF
   3.1e-05 
   3.7e-08 

SUBTREE_LINVEL
   0         0         0       
   0         0         0       
   0         0         0       
   0         0         0       
   0         0         0       
   0         0         0       
   0         0         0       
   0         0         0       
   0         0         0       
   0         0         0       
   0         0         0       
   0         0         0       
   0         0         0       
   0         0         0       

SUBTREE_ANGMOM
   0         0         0       
   0         0         0       
   0         0         0       
   0         0         0       
   0         0         0       
   0         0         0       
   0         0         0       
   0         0         0       
   0         0         0       
   0         0         0       
   0         0         0       
   0         0         0       
   0         0         0       
   0         0         0       

ACTUATOR_FORCE
  -1.3e-07 
  -14      
   0.98    
   23      
   0.6     
   2.3     
   2.8e-05 
  -3.9e-08 

QFRC_ACTUATOR
  -1.3e-07 
  -14      
   0.98    
   23      
   0.6     
   2.3     
   2.8e-05 
  -1.9e-08 
  -1.9e-08 

QFRC_SMOOTH
  -1.4e-07 
  -6.1e-07 
  -1.5e-07 
   1.6e-07 
  -4.3e-09 
  -4.2e-09 
  -1.9e-10 
  -3.4e-05 
   3.4e-05 

QACC_SMOOTH
  -3.2e-06 
  -3.7e-08 
  -9.5e-07 
   4.5e-07 
  -7.7e-06 
   9.5e-07 
  -9.5e-08 
  -0.0003  
   0.0003  

EFC_B
  -0.00062 
  -0.0003  

EFC_FORCE
   3.4e-05 
   3.9e-08 

EFC_STATE
  1
  1

QFRC_CONSTRAINT
   0       
   0       
   0       
   0       
   0       
   0       
   0       
   3.4e-05 
  -3.4e-05 

QFRC_INVERSE
   0       
   0       
   0       
   0       
   0       
   0       
   0       
   0       
   0       

CACC
   0         0         0         0         0         0       
   0         0         0         0         0         0       
   0         0         0         0         0         0       
   0         0         0         0         0         0       
   0         0         0         0         0         0       
   0         0         0         0         0         0       
   0         0         0         0         0         0       
   0         0         0         0         0         0       
   0         0         0         0         0         0       
   0         0         0         0         0         0       
   0         0         0         0         0         0       
   0         0         0         0         0         0       
   0         0         0         0         0         0       
   0         0         0         0         0         0       

CFRC_INT
   0         0         0         0         0         0       
   0         0         0         0         0         0       
   0         0         0         0         0         0       
   0         0         0         0         0         0       
   0         0         0         0         0         0       
   0         0         0         0         0         0       
   0         0         0         0         0         0       
   0         0         0         0         0         0       
   0         0         0         0         0         0       
   0         0         0         0         0         0       
   0         0         0         0         0         0       
   0         0         0         0         0         0       
   0         0         0         0         0         0       
   0         0         0         0         0         0       

CFRC_EXT
   0         0         0         0         0         0       
   0         0         0         0         0         0       
   0         0         0         0         0         0       
   0         0         0         0         0         0       
   0         0         0         0         0         0       
   0         0         0         0         0         0       
   0         0         0         0         0         0       
   0         0         0         0         0         0       
   0         0         0         0         0         0       
   0         0         0         0         0         0       
   0         0         0         0         0         0       
   0         0         0         0         0         0       
   0         0         0         0         0         0       
   0         0         0         0         0         0       

TREE_ISLAND
  0

ISLAND_NTREE
  1

ISLAND_ITREEADR
  0

MAP_ITREE2TREE
  0

DOF_ISLAND            0 0 0 0 0 0 0 0 0

ISLAND_NV             9

ISLAND_IDOFADR        0

MAP_IDOF2DOF          0 1 2 3 4 5 6 7 8

EFC_ISLAND            0 0

ISLAND_NEFC           2

ISLAND_IEFCADR        0

MAP_IEFC2EFC          0 1

TENDON_EFCADR         -1

